42.0 , -168.0 , -168.0
41.0 , -160.0 , -168.0
40.0 , -152.0 , -168.0
39.0 , -144.0 , -168.0
38.0 , -136.0 , -168.0
37.0 , -128.0 , -168.0
36.0 , -120.0 , -168.0
35.0 , -112.0 , -168.0
34.0 , -104.0 , -168.0
33.0 , -96.0 , -168.0
32.0 , -88.0 , -168.0
31.0 , -80.0 , -168.0
30.0 , -72.0 , -168.0
29.0 , -64.0 , -168.0
28.0 , -56.0 , -168.0
27.0 , -48.0 , -168.0
26.0 , -40.0 , -168.0
25.0 , -32.0 , -168.0
24.0 , -24.0 , -168.0
23.0 , -16.0 , -168.0
22.0 , -8.0 , -168.0
128.0 , -8.0 , -168.0
21.0 , -0.0 , -168.0
20.0 , 8.0 , -168.0
19.0 , 16.0 , -168.0
18.0 , 24.0 , -168.0
17.0 , 32.0 , -168.0
16.0 , 40.0 , -168.0
15.0 , 48.0 , -168.0
14.0 , 56.0 , -168.0
13.0 , 64.0 , -168.0
12.0 , 72.0 , -168.0
11.0 , 80.0 , -168.0
10.0 , 88.0 , -168.0
9.0 , 96.0 , -168.0
8.0 , 104.0 , -168.0
7.0 , 112.0 , -168.0
6.0 , 120.0 , -168.0
5.0 , 128.0 , -168.0
4.0 , 136.0 , -168.0
3.0 , 144.0 , -168.0
2.0 , 152.0 , -168.0
1.0 , 160.0 , -168.0
0.0 , 168.0 , -168.0
1573.0 , -168.0 , -160.0
1572.0 , -160.0 , -160.0
1571.0 , -152.0 , -160.0
1570.0 , -144.0 , -160.0
1569.0 , -136.0 , -160.0
1568.0 , -128.0 , -160.0
1567.0 , -120.0 , -160.0
1566.0 , -112.0 , -160.0
1565.0 , -104.0 , -160.0
1564.0 , -96.0 , -160.0
1563.0 , -88.0 , -160.0
1562.0 , -80.0 , -160.0
1561.0 , -72.0 , -160.0
1560.0 , -64.0 , -160.0
1559.0 , -56.0 , -160.0
1558.0 , -48.0 , -160.0
1557.0 , -40.0 , -160.0
1556.0 , -32.0 , -160.0
1555.0 , -24.0 , -160.0
1554.0 , -16.0 , -160.0
127.0 , -8.0 , -160.0
1553.0 , -0.0 , -160.0
1552.0 , 8.0 , -160.0
1551.0 , 16.0 , -160.0
1550.0 , 24.0 , -160.0
1549.0 , 32.0 , -160.0
1548.0 , 40.0 , -160.0
1547.0 , 48.0 , -160.0
1546.0 , 56.0 , -160.0
1545.0 , 64.0 , -160.0
1544.0 , 72.0 , -160.0
1543.0 , 80.0 , -160.0
1542.0 , 88.0 , -160.0
1541.0 , 96.0 , -160.0
1540.0 , 104.0 , -160.0
1539.0 , 112.0 , -160.0
1538.0 , 120.0 , -160.0
1537.0 , 128.0 , -160.0
1536.0 , 136.0 , -160.0
1535.0 , 144.0 , -160.0
1534.0 , 152.0 , -160.0
1533.0 , 160.0 , -160.0
1532.0 , 168.0 , -160.0
1531.0 , -168.0 , -152.0
1530.0 , -160.0 , -152.0
1529.0 , -152.0 , -152.0
1528.0 , -144.0 , -152.0
1527.0 , -136.0 , -152.0
1526.0 , -128.0 , -152.0
1525.0 , -120.0 , -152.0
1524.0 , -112.0 , -152.0
1523.0 , -104.0 , -152.0
1522.0 , -96.0 , -152.0
1521.0 , -88.0 , -152.0
1520.0 , -80.0 , -152.0
1519.0 , -72.0 , -152.0
1518.0 , -64.0 , -152.0
1517.0 , -56.0 , -152.0
1516.0 , -48.0 , -152.0
1515.0 , -40.0 , -152.0
1514.0 , -32.0 , -152.0
1513.0 , -24.0 , -152.0
1512.0 , -16.0 , -152.0
126.0 , -8.0 , -152.0
1511.0 , -0.0 , -152.0
1510.0 , 8.0 , -152.0
1509.0 , 16.0 , -152.0
1508.0 , 24.0 , -152.0
1507.0 , 32.0 , -152.0
1506.0 , 40.0 , -152.0
1505.0 , 48.0 , -152.0
1504.0 , 56.0 , -152.0
1503.0 , 64.0 , -152.0
1502.0 , 72.0 , -152.0
1501.0 , 80.0 , -152.0
1500.0 , 88.0 , -152.0
1499.0 , 96.0 , -152.0
1498.0 , 104.0 , -152.0
1497.0 , 112.0 , -152.0
1496.0 , 120.0 , -152.0
1495.0 , 128.0 , -152.0
1494.0 , 136.0 , -152.0
1493.0 , 144.0 , -152.0
1492.0 , 152.0 , -152.0
1491.0 , 160.0 , -152.0
1490.0 , 168.0 , -152.0
1489.0 , -168.0 , -144.0
1488.0 , -160.0 , -144.0
1487.0 , -152.0 , -144.0
1486.0 , -144.0 , -144.0
1485.0 , -136.0 , -144.0
1484.0 , -128.0 , -144.0
1483.0 , -120.0 , -144.0
1482.0 , -112.0 , -144.0
1481.0 , -104.0 , -144.0
1480.0 , -96.0 , -144.0
1479.0 , -88.0 , -144.0
1478.0 , -80.0 , -144.0
1477.0 , -72.0 , -144.0
1476.0 , -64.0 , -144.0
1475.0 , -56.0 , -144.0
1474.0 , -48.0 , -144.0
1473.0 , -40.0 , -144.0
1472.0 , -32.0 , -144.0
1471.0 , -24.0 , -144.0
1470.0 , -16.0 , -144.0
125.0 , -8.0 , -144.0
1469.0 , -0.0 , -144.0
1468.0 , 8.0 , -144.0
1467.0 , 16.0 , -144.0
1466.0 , 24.0 , -144.0
1465.0 , 32.0 , -144.0
1464.0 , 40.0 , -144.0
1463.0 , 48.0 , -144.0
1462.0 , 56.0 , -144.0
1461.0 , 64.0 , -144.0
1460.0 , 72.0 , -144.0
1459.0 , 80.0 , -144.0
1458.0 , 88.0 , -144.0
1457.0 , 96.0 , -144.0
1456.0 , 104.0 , -144.0
1455.0 , 112.0 , -144.0
1454.0 , 120.0 , -144.0
1453.0 , 128.0 , -144.0
1452.0 , 136.0 , -144.0
1451.0 , 144.0 , -144.0
1450.0 , 152.0 , -144.0
1449.0 , 160.0 , -144.0
1448.0 , 168.0 , -144.0
1447.0 , -168.0 , -136.0
1446.0 , -160.0 , -136.0
1445.0 , -152.0 , -136.0
1444.0 , -144.0 , -136.0
1443.0 , -136.0 , -136.0
1442.0 , -128.0 , -136.0
1441.0 , -120.0 , -136.0
1440.0 , -112.0 , -136.0
1439.0 , -104.0 , -136.0
1438.0 , -96.0 , -136.0
1437.0 , -88.0 , -136.0
1436.0 , -80.0 , -136.0
1435.0 , -72.0 , -136.0
1434.0 , -64.0 , -136.0
1433.0 , -56.0 , -136.0
1432.0 , -48.0 , -136.0
1431.0 , -40.0 , -136.0
1430.0 , -32.0 , -136.0
1429.0 , -24.0 , -136.0
1428.0 , -16.0 , -136.0
124.0 , -8.0 , -136.0
1427.0 , -0.0 , -136.0
1426.0 , 8.0 , -136.0
1425.0 , 16.0 , -136.0
1424.0 , 24.0 , -136.0
1423.0 , 32.0 , -136.0
1422.0 , 40.0 , -136.0
1421.0 , 48.0 , -136.0
1420.0 , 56.0 , -136.0
1419.0 , 64.0 , -136.0
1418.0 , 72.0 , -136.0
1417.0 , 80.0 , -136.0
1416.0 , 88.0 , -136.0
1415.0 , 96.0 , -136.0
1414.0 , 104.0 , -136.0
1413.0 , 112.0 , -136.0
1412.0 , 120.0 , -136.0
1411.0 , 128.0 , -136.0
1410.0 , 136.0 , -136.0
1409.0 , 144.0 , -136.0
1408.0 , 152.0 , -136.0
1407.0 , 160.0 , -136.0
1406.0 , 168.0 , -136.0
1405.0 , -168.0 , -128.0
1404.0 , -160.0 , -128.0
1403.0 , -152.0 , -128.0
1402.0 , -144.0 , -128.0
1401.0 , -136.0 , -128.0
1400.0 , -128.0 , -128.0
1399.0 , -120.0 , -128.0
1398.0 , -112.0 , -128.0
1397.0 , -104.0 , -128.0
1396.0 , -96.0 , -128.0
1395.0 , -88.0 , -128.0
1394.0 , -80.0 , -128.0
1393.0 , -72.0 , -128.0
1392.0 , -64.0 , -128.0
1391.0 , -56.0 , -128.0
1390.0 , -48.0 , -128.0
1389.0 , -40.0 , -128.0
1388.0 , -32.0 , -128.0
1387.0 , -24.0 , -128.0
1386.0 , -16.0 , -128.0
123.0 , -8.0 , -128.0
1385.0 , -0.0 , -128.0
1384.0 , 8.0 , -128.0
1383.0 , 16.0 , -128.0
1382.0 , 24.0 , -128.0
1381.0 , 32.0 , -128.0
1380.0 , 40.0 , -128.0
1379.0 , 48.0 , -128.0
1378.0 , 56.0 , -128.0
1377.0 , 64.0 , -128.0
1376.0 , 72.0 , -128.0
1375.0 , 80.0 , -128.0
1374.0 , 88.0 , -128.0
1373.0 , 96.0 , -128.0
1372.0 , 104.0 , -128.0
1371.0 , 112.0 , -128.0
1370.0 , 120.0 , -128.0
1369.0 , 128.0 , -128.0
1368.0 , 136.0 , -128.0
1367.0 , 144.0 , -128.0
1366.0 , 152.0 , -128.0
1365.0 , 160.0 , -128.0
1364.0 , 168.0 , -128.0
1363.0 , -168.0 , -120.0
1362.0 , -160.0 , -120.0
1361.0 , -152.0 , -120.0
1360.0 , -144.0 , -120.0
1359.0 , -136.0 , -120.0
1358.0 , -128.0 , -120.0
1357.0 , -120.0 , -120.0
1356.0 , -112.0 , -120.0
1355.0 , -104.0 , -120.0
1354.0 , -96.0 , -120.0
1353.0 , -88.0 , -120.0
1352.0 , -80.0 , -120.0
1351.0 , -72.0 , -120.0
1350.0 , -64.0 , -120.0
1349.0 , -56.0 , -120.0
1348.0 , -48.0 , -120.0
1347.0 , -40.0 , -120.0
1346.0 , -32.0 , -120.0
1345.0 , -24.0 , -120.0
1344.0 , -16.0 , -120.0
122.0 , -8.0 , -120.0
1343.0 , -0.0 , -120.0
1342.0 , 8.0 , -120.0
1341.0 , 16.0 , -120.0
1340.0 , 24.0 , -120.0
1339.0 , 32.0 , -120.0
1338.0 , 40.0 , -120.0
1337.0 , 48.0 , -120.0
1336.0 , 56.0 , -120.0
1335.0 , 64.0 , -120.0
1334.0 , 72.0 , -120.0
1333.0 , 80.0 , -120.0
1332.0 , 88.0 , -120.0
1331.0 , 96.0 , -120.0
1330.0 , 104.0 , -120.0
1329.0 , 112.0 , -120.0
1328.0 , 120.0 , -120.0
1327.0 , 128.0 , -120.0
1326.0 , 136.0 , -120.0
1325.0 , 144.0 , -120.0
1324.0 , 152.0 , -120.0
1323.0 , 160.0 , -120.0
1322.0 , 168.0 , -120.0
1321.0 , -168.0 , -112.0
1320.0 , -160.0 , -112.0
1319.0 , -152.0 , -112.0
1318.0 , -144.0 , -112.0
1317.0 , -136.0 , -112.0
1316.0 , -128.0 , -112.0
1315.0 , -120.0 , -112.0
1314.0 , -112.0 , -112.0
1313.0 , -104.0 , -112.0
1312.0 , -96.0 , -112.0
1311.0 , -88.0 , -112.0
1310.0 , -80.0 , -112.0
1309.0 , -72.0 , -112.0
1308.0 , -64.0 , -112.0
1307.0 , -56.0 , -112.0
1306.0 , -48.0 , -112.0
1305.0 , -40.0 , -112.0
1304.0 , -32.0 , -112.0
1303.0 , -24.0 , -112.0
1302.0 , -16.0 , -112.0
121.0 , -8.0 , -112.0
1301.0 , -0.0 , -112.0
1300.0 , 8.0 , -112.0
1299.0 , 16.0 , -112.0
1298.0 , 24.0 , -112.0
1297.0 , 32.0 , -112.0
1296.0 , 40.0 , -112.0
1295.0 , 104.0 , -112.0
1294.0 , 112.0 , -112.0
1293.0 , 120.0 , -112.0
1292.0 , 128.0 , -112.0
1291.0 , 136.0 , -112.0
1290.0 , 144.0 , -112.0
1289.0 , 152.0 , -112.0
1288.0 , 160.0 , -112.0
1287.0 , 168.0 , -112.0
1286.0 , -168.0 , -104.0
1285.0 , -160.0 , -104.0
1284.0 , -152.0 , -104.0
1283.0 , -144.0 , -104.0
1282.0 , -136.0 , -104.0
1281.0 , -128.0 , -104.0
1280.0 , -120.0 , -104.0
1279.0 , -112.0 , -104.0
1278.0 , -104.0 , -104.0
1277.0 , -96.0 , -104.0
1276.0 , -88.0 , -104.0
1275.0 , -80.0 , -104.0
1274.0 , -72.0 , -104.0
1273.0 , -64.0 , -104.0
1272.0 , -56.0 , -104.0
1271.0 , -48.0 , -104.0
1270.0 , -40.0 , -104.0
1269.0 , -32.0 , -104.0
1268.0 , -24.0 , -104.0
1267.0 , -16.0 , -104.0
120.0 , -8.0 , -104.0
1266.0 , -0.0 , -104.0
1265.0 , 8.0 , -104.0
1264.0 , 16.0 , -104.0
1263.0 , 24.0 , -104.0
1262.0 , 32.0 , -104.0
1261.0 , 40.0 , -104.0
1260.0 , 104.0 , -104.0
1259.0 , 112.0 , -104.0
1258.0 , 120.0 , -104.0
1257.0 , 128.0 , -104.0
1256.0 , 136.0 , -104.0
1255.0 , 144.0 , -104.0
1254.0 , 152.0 , -104.0
1253.0 , 160.0 , -104.0
1252.0 , 168.0 , -104.0
1251.0 , -168.0 , -96.0
1250.0 , -160.0 , -96.0
1249.0 , -152.0 , -96.0
1248.0 , -144.0 , -96.0
1247.0 , -136.0 , -96.0
1246.0 , -128.0 , -96.0
1245.0 , -120.0 , -96.0
1244.0 , -112.0 , -96.0
1243.0 , -104.0 , -96.0
1242.0 , -96.0 , -96.0
1241.0 , -88.0 , -96.0
1240.0 , -80.0 , -96.0
1239.0 , -72.0 , -96.0
1238.0 , -64.0 , -96.0
1237.0 , -56.0 , -96.0
1236.0 , -48.0 , -96.0
1235.0 , -40.0 , -96.0
1234.0 , -32.0 , -96.0
1233.0 , -24.0 , -96.0
1232.0 , -16.0 , -96.0
119.0 , -8.0 , -96.0
1231.0 , -0.0 , -96.0
1230.0 , 8.0 , -96.0
1229.0 , 16.0 , -96.0
1228.0 , 24.0 , -96.0
1227.0 , 32.0 , -96.0
1226.0 , 40.0 , -96.0
1225.0 , 104.0 , -96.0
1224.0 , 112.0 , -96.0
1223.0 , 120.0 , -96.0
1222.0 , 128.0 , -96.0
1221.0 , 136.0 , -96.0
1220.0 , 144.0 , -96.0
1219.0 , 152.0 , -96.0
1218.0 , 160.0 , -96.0
1217.0 , 168.0 , -96.0
1216.0 , -168.0 , -88.0
1215.0 , -160.0 , -88.0
1214.0 , -152.0 , -88.0
1213.0 , -144.0 , -88.0
1212.0 , -136.0 , -88.0
1211.0 , -128.0 , -88.0
1210.0 , -120.0 , -88.0
1209.0 , -112.0 , -88.0
1208.0 , -104.0 , -88.0
1207.0 , -96.0 , -88.0
1206.0 , -88.0 , -88.0
1205.0 , -80.0 , -88.0
1204.0 , -72.0 , -88.0
1203.0 , -64.0 , -88.0
1202.0 , -56.0 , -88.0
1201.0 , -48.0 , -88.0
1200.0 , -40.0 , -88.0
1199.0 , -32.0 , -88.0
1198.0 , -24.0 , -88.0
1197.0 , -16.0 , -88.0
118.0 , -8.0 , -88.0
1196.0 , -0.0 , -88.0
1195.0 , 8.0 , -88.0
1194.0 , 16.0 , -88.0
1193.0 , 24.0 , -88.0
1192.0 , 32.0 , -88.0
1191.0 , 40.0 , -88.0
1190.0 , 104.0 , -88.0
1189.0 , 112.0 , -88.0
1188.0 , 120.0 , -88.0
1187.0 , 128.0 , -88.0
1186.0 , 136.0 , -88.0
1185.0 , 144.0 , -88.0
1184.0 , 152.0 , -88.0
1183.0 , 160.0 , -88.0
1182.0 , 168.0 , -88.0
1181.0 , -168.0 , -80.0
1180.0 , -160.0 , -80.0
1179.0 , -152.0 , -80.0
1178.0 , -144.0 , -80.0
1177.0 , -136.0 , -80.0
1176.0 , -128.0 , -80.0
1175.0 , -120.0 , -80.0
1174.0 , -112.0 , -80.0
1173.0 , -104.0 , -80.0
1172.0 , -96.0 , -80.0
1171.0 , -88.0 , -80.0
1170.0 , -80.0 , -80.0
1169.0 , -72.0 , -80.0
1168.0 , -64.0 , -80.0
1167.0 , -56.0 , -80.0
1166.0 , -48.0 , -80.0
1165.0 , -40.0 , -80.0
1164.0 , -32.0 , -80.0
1163.0 , -24.0 , -80.0
1162.0 , -16.0 , -80.0
117.0 , -8.0 , -80.0
1161.0 , -0.0 , -80.0
1160.0 , 8.0 , -80.0
1159.0 , 16.0 , -80.0
1158.0 , 24.0 , -80.0
1157.0 , 32.0 , -80.0
1156.0 , 40.0 , -80.0
1155.0 , 104.0 , -80.0
1154.0 , 112.0 , -80.0
1153.0 , 120.0 , -80.0
1152.0 , 128.0 , -80.0
1151.0 , 136.0 , -80.0
1150.0 , 144.0 , -80.0
1149.0 , 152.0 , -80.0
1148.0 , 160.0 , -80.0
1147.0 , 168.0 , -80.0
1146.0 , -168.0 , -72.0
1145.0 , -160.0 , -72.0
1144.0 , -152.0 , -72.0
1143.0 , -144.0 , -72.0
1142.0 , -136.0 , -72.0
1141.0 , -128.0 , -72.0
1140.0 , -120.0 , -72.0
1139.0 , -112.0 , -72.0
1138.0 , -104.0 , -72.0
1137.0 , -96.0 , -72.0
1136.0 , -88.0 , -72.0
1135.0 , -80.0 , -72.0
1134.0 , -72.0 , -72.0
1133.0 , -64.0 , -72.0
1132.0 , -56.0 , -72.0
1131.0 , -48.0 , -72.0
1130.0 , -40.0 , -72.0
1129.0 , -32.0 , -72.0
1128.0 , -24.0 , -72.0
1127.0 , -16.0 , -72.0
116.0 , -8.0 , -72.0
1126.0 , -0.0 , -72.0
1125.0 , 8.0 , -72.0
1124.0 , 16.0 , -72.0
1123.0 , 24.0 , -72.0
1122.0 , 32.0 , -72.0
1121.0 , 40.0 , -72.0
1120.0 , 104.0 , -72.0
1119.0 , 112.0 , -72.0
1118.0 , 120.0 , -72.0
1117.0 , 128.0 , -72.0
1116.0 , 136.0 , -72.0
1115.0 , 144.0 , -72.0
1114.0 , 152.0 , -72.0
1113.0 , 160.0 , -72.0
1112.0 , 168.0 , -72.0
1111.0 , -168.0 , -64.0
1110.0 , -160.0 , -64.0
1109.0 , -152.0 , -64.0
1108.0 , -144.0 , -64.0
1107.0 , -136.0 , -64.0
1106.0 , -128.0 , -64.0
1105.0 , -120.0 , -64.0
1104.0 , -112.0 , -64.0
1103.0 , -104.0 , -64.0
1102.0 , -96.0 , -64.0
1101.0 , -88.0 , -64.0
1100.0 , -80.0 , -64.0
1099.0 , -72.0 , -64.0
1098.0 , -64.0 , -64.0
1097.0 , -56.0 , -64.0
1096.0 , -48.0 , -64.0
1095.0 , -40.0 , -64.0
1094.0 , -32.0 , -64.0
1093.0 , -24.0 , -64.0
1092.0 , -16.0 , -64.0
115.0 , -8.0 , -64.0
1091.0 , -0.0 , -64.0
1090.0 , 8.0 , -64.0
1089.0 , 16.0 , -64.0
1088.0 , 24.0 , -64.0
1087.0 , 32.0 , -64.0
1086.0 , 40.0 , -64.0
1085.0 , 104.0 , -64.0
1084.0 , 112.0 , -64.0
1083.0 , 120.0 , -64.0
1082.0 , 128.0 , -64.0
1081.0 , 136.0 , -64.0
1080.0 , 144.0 , -64.0
1079.0 , 152.0 , -64.0
1078.0 , 160.0 , -64.0
1077.0 , 168.0 , -64.0
1076.0 , -168.0 , -56.0
1075.0 , -160.0 , -56.0
1074.0 , -152.0 , -56.0
1073.0 , -144.0 , -56.0
1072.0 , -136.0 , -56.0
1071.0 , -128.0 , -56.0
1070.0 , -120.0 , -56.0
1069.0 , -112.0 , -56.0
1068.0 , -104.0 , -56.0
1067.0 , -96.0 , -56.0
1066.0 , -88.0 , -56.0
1065.0 , -80.0 , -56.0
1064.0 , -72.0 , -56.0
1063.0 , -64.0 , -56.0
1062.0 , -56.0 , -56.0
1061.0 , -48.0 , -56.0
1060.0 , -40.0 , -56.0
1059.0 , -32.0 , -56.0
1058.0 , -24.0 , -56.0
1057.0 , -16.0 , -56.0
114.0 , -8.0 , -56.0
1056.0 , -0.0 , -56.0
1055.0 , 8.0 , -56.0
1054.0 , 16.0 , -56.0
1053.0 , 24.0 , -56.0
1052.0 , 32.0 , -56.0
1051.0 , 40.0 , -56.0
1050.0 , 48.0 , -56.0
1049.0 , 56.0 , -56.0
1048.0 , 64.0 , -56.0
1047.0 , 72.0 , -56.0
1046.0 , 80.0 , -56.0
1045.0 , 88.0 , -56.0
1044.0 , 96.0 , -56.0
1043.0 , 104.0 , -56.0
1042.0 , 112.0 , -56.0
1041.0 , 120.0 , -56.0
1040.0 , 128.0 , -56.0
1039.0 , 136.0 , -56.0
1038.0 , 144.0 , -56.0
1037.0 , 152.0 , -56.0
1036.0 , 160.0 , -56.0
1035.0 , 168.0 , -56.0
1034.0 , -168.0 , -48.0
1033.0 , -160.0 , -48.0
1032.0 , -152.0 , -48.0
1031.0 , -144.0 , -48.0
1030.0 , -136.0 , -48.0
1029.0 , -128.0 , -48.0
1028.0 , -120.0 , -48.0
1027.0 , -112.0 , -48.0
1026.0 , -104.0 , -48.0
1025.0 , -96.0 , -48.0
1024.0 , -88.0 , -48.0
1023.0 , -80.0 , -48.0
1022.0 , -72.0 , -48.0
1021.0 , -64.0 , -48.0
1020.0 , -56.0 , -48.0
1019.0 , -48.0 , -48.0
1018.0 , -40.0 , -48.0
1017.0 , -32.0 , -48.0
1016.0 , -24.0 , -48.0
1015.0 , -16.0 , -48.0
113.0 , -8.0 , -48.0
1014.0 , -0.0 , -48.0
1013.0 , 8.0 , -48.0
1012.0 , 16.0 , -48.0
1011.0 , 24.0 , -48.0
1010.0 , 32.0 , -48.0
1009.0 , 40.0 , -48.0
1008.0 , 48.0 , -48.0
1007.0 , 56.0 , -48.0
1006.0 , 64.0 , -48.0
1005.0 , 72.0 , -48.0
1004.0 , 80.0 , -48.0
1003.0 , 88.0 , -48.0
1002.0 , 96.0 , -48.0
1001.0 , 104.0 , -48.0
1000.0 , 112.0 , -48.0
999.0 , 120.0 , -48.0
998.0 , 128.0 , -48.0
997.0 , 136.0 , -48.0
996.0 , 144.0 , -48.0
995.0 , 152.0 , -48.0
994.0 , 160.0 , -48.0
993.0 , 168.0 , -48.0
992.0 , -168.0 , -40.0
991.0 , -160.0 , -40.0
990.0 , -152.0 , -40.0
989.0 , -144.0 , -40.0
988.0 , -136.0 , -40.0
987.0 , -128.0 , -40.0
986.0 , -120.0 , -40.0
985.0 , -112.0 , -40.0
984.0 , -104.0 , -40.0
983.0 , -96.0 , -40.0
982.0 , -88.0 , -40.0
981.0 , -80.0 , -40.0
980.0 , -72.0 , -40.0
979.0 , -64.0 , -40.0
978.0 , -56.0 , -40.0
977.0 , -48.0 , -40.0
976.0 , -40.0 , -40.0
975.0 , -32.0 , -40.0
974.0 , -24.0 , -40.0
973.0 , -16.0 , -40.0
112.0 , -8.0 , -40.0
972.0 , -0.0 , -40.0
971.0 , 8.0 , -40.0
970.0 , 16.0 , -40.0
969.0 , 24.0 , -40.0
968.0 , 32.0 , -40.0
967.0 , 40.0 , -40.0
966.0 , 48.0 , -40.0
965.0 , 56.0 , -40.0
964.0 , 64.0 , -40.0
963.0 , 72.0 , -40.0
962.0 , 80.0 , -40.0
961.0 , 88.0 , -40.0
960.0 , 96.0 , -40.0
959.0 , 104.0 , -40.0
958.0 , 112.0 , -40.0
957.0 , 120.0 , -40.0
956.0 , 128.0 , -40.0
955.0 , 136.0 , -40.0
954.0 , 144.0 , -40.0
953.0 , 152.0 , -40.0
952.0 , 160.0 , -40.0
951.0 , 168.0 , -40.0
950.0 , -168.0 , -32.0
949.0 , -160.0 , -32.0
948.0 , -152.0 , -32.0
947.0 , -144.0 , -32.0
946.0 , -136.0 , -32.0
945.0 , -128.0 , -32.0
944.0 , -120.0 , -32.0
943.0 , -112.0 , -32.0
942.0 , -104.0 , -32.0
941.0 , -96.0 , -32.0
940.0 , -88.0 , -32.0
939.0 , -80.0 , -32.0
938.0 , -72.0 , -32.0
937.0 , -64.0 , -32.0
936.0 , -56.0 , -32.0
935.0 , -48.0 , -32.0
934.0 , -40.0 , -32.0
933.0 , -32.0 , -32.0
932.0 , -24.0 , -32.0
931.0 , -16.0 , -32.0
111.0 , -8.0 , -32.0
930.0 , -0.0 , -32.0
929.0 , 8.0 , -32.0
928.0 , 16.0 , -32.0
927.0 , 24.0 , -32.0
926.0 , 32.0 , -32.0
925.0 , 40.0 , -32.0
924.0 , 48.0 , -32.0
923.0 , 56.0 , -32.0
922.0 , 64.0 , -32.0
921.0 , 72.0 , -32.0
920.0 , 80.0 , -32.0
919.0 , 88.0 , -32.0
918.0 , 96.0 , -32.0
917.0 , 104.0 , -32.0
916.0 , 112.0 , -32.0
915.0 , 120.0 , -32.0
914.0 , 128.0 , -32.0
913.0 , 136.0 , -32.0
912.0 , 144.0 , -32.0
911.0 , 152.0 , -32.0
910.0 , 160.0 , -32.0
909.0 , 168.0 , -32.0
908.0 , -168.0 , -24.0
907.0 , -160.0 , -24.0
906.0 , -152.0 , -24.0
905.0 , -144.0 , -24.0
904.0 , -136.0 , -24.0
903.0 , -72.0 , -24.0
902.0 , -64.0 , -24.0
901.0 , -56.0 , -24.0
900.0 , -48.0 , -24.0
899.0 , -40.0 , -24.0
898.0 , -32.0 , -24.0
897.0 , -24.0 , -24.0
896.0 , -16.0 , -24.0
110.0 , -8.0 , -24.0
895.0 , -0.0 , -24.0
894.0 , 8.0 , -24.0
893.0 , 16.0 , -24.0
892.0 , 24.0 , -24.0
891.0 , 32.0 , -24.0
890.0 , 40.0 , -24.0
889.0 , 48.0 , -24.0
888.0 , 56.0 , -24.0
887.0 , 64.0 , -24.0
886.0 , 72.0 , -24.0
885.0 , 80.0 , -24.0
884.0 , 88.0 , -24.0
883.0 , 96.0 , -24.0
882.0 , 104.0 , -24.0
881.0 , 112.0 , -24.0
880.0 , 120.0 , -24.0
879.0 , 128.0 , -24.0
878.0 , 136.0 , -24.0
877.0 , 144.0 , -24.0
876.0 , 152.0 , -24.0
875.0 , 160.0 , -24.0
874.0 , 168.0 , -24.0
873.0 , -168.0 , -16.0
872.0 , -160.0 , -16.0
871.0 , -152.0 , -16.0
870.0 , -144.0 , -16.0
869.0 , -136.0 , -16.0
868.0 , -72.0 , -16.0
867.0 , -64.0 , -16.0
866.0 , -56.0 , -16.0
865.0 , -48.0 , -16.0
864.0 , -40.0 , -16.0
863.0 , -32.0 , -16.0
862.0 , -24.0 , -16.0
861.0 , -16.0 , -16.0
109.0 , -8.0 , -16.0
860.0 , -0.0 , -16.0
859.0 , 8.0 , -16.0
858.0 , 16.0 , -16.0
857.0 , 24.0 , -16.0
856.0 , 32.0 , -16.0
855.0 , 40.0 , -16.0
854.0 , 48.0 , -16.0
853.0 , 56.0 , -16.0
852.0 , 64.0 , -16.0
851.0 , 72.0 , -16.0
850.0 , 80.0 , -16.0
849.0 , 88.0 , -16.0
848.0 , 96.0 , -16.0
847.0 , 104.0 , -16.0
846.0 , 112.0 , -16.0
845.0 , 120.0 , -16.0
844.0 , 128.0 , -16.0
843.0 , 136.0 , -16.0
842.0 , 144.0 , -16.0
841.0 , 152.0 , -16.0
840.0 , 160.0 , -16.0
839.0 , 168.0 , -16.0
838.0 , -168.0 , -8.0
837.0 , -160.0 , -8.0
836.0 , -152.0 , -8.0
835.0 , -144.0 , -8.0
834.0 , -136.0 , -8.0
833.0 , -72.0 , -8.0
832.0 , -64.0 , -8.0
831.0 , -56.0 , -8.0
830.0 , -48.0 , -8.0
829.0 , -40.0 , -8.0
828.0 , -32.0 , -8.0
827.0 , -24.0 , -8.0
826.0 , -16.0 , -8.0
108.0 , -8.0 , -8.0
825.0 , -0.0 , -8.0
824.0 , 8.0 , -8.0
823.0 , 16.0 , -8.0
822.0 , 24.0 , -8.0
821.0 , 32.0 , -8.0
820.0 , 40.0 , -8.0
819.0 , 48.0 , -8.0
818.0 , 56.0 , -8.0
817.0 , 64.0 , -8.0
816.0 , 72.0 , -8.0
815.0 , 80.0 , -8.0
814.0 , 88.0 , -8.0
813.0 , 96.0 , -8.0
812.0 , 104.0 , -8.0
811.0 , 112.0 , -8.0
810.0 , 120.0 , -8.0
809.0 , 128.0 , -8.0
808.0 , 136.0 , -8.0
807.0 , 144.0 , -8.0
806.0 , 152.0 , -8.0
805.0 , 160.0 , -8.0
804.0 , 168.0 , -8.0
803.0 , -168.0 , 0.0
802.0 , -160.0 , 0.0
801.0 , -152.0 , 0.0
800.0 , -144.0 , 0.0
799.0 , -136.0 , 0.0
798.0 , -72.0 , 0.0
797.0 , -64.0 , 0.0
796.0 , -56.0 , 0.0
795.0 , -48.0 , 0.0
794.0 , -40.0 , 0.0
793.0 , -32.0 , 0.0
792.0 , -24.0 , 0.0
791.0 , -16.0 , 0.0
107.0 , -8.0 , 0.0
790.0 , 8.0 , -0.0
789.0 , 16.0 , -0.0
788.0 , 24.0 , -0.0
787.0 , 32.0 , -0.0
786.0 , 40.0 , -0.0
785.0 , 48.0 , -0.0
784.0 , 56.0 , -0.0
783.0 , 64.0 , -0.0
782.0 , 72.0 , -0.0
781.0 , 80.0 , -0.0
780.0 , 88.0 , -0.0
779.0 , 96.0 , -0.0
778.0 , 104.0 , -0.0
777.0 , 112.0 , -0.0
776.0 , 120.0 , -0.0
775.0 , 128.0 , -0.0
774.0 , 136.0 , -0.0
773.0 , 144.0 , -0.0
772.0 , 152.0 , -0.0
771.0 , 160.0 , -0.0
770.0 , 168.0 , -0.0
769.0 , -168.0 , 8.0
768.0 , -160.0 , 8.0
767.0 , -152.0 , 8.0
766.0 , -144.0 , 8.0
765.0 , -136.0 , 8.0
764.0 , -72.0 , 8.0
763.0 , -64.0 , 8.0
762.0 , -56.0 , 8.0
761.0 , -48.0 , 8.0
760.0 , -40.0 , 8.0
759.0 , -32.0 , 8.0
758.0 , -24.0 , 8.0
757.0 , -16.0 , 8.0
106.0 , -8.0 , 8.0
756.0 , 0.0 , 8.0
755.0 , 8.0 , 8.0
754.0 , 16.0 , 8.0
753.0 , 24.0 , 8.0
752.0 , 32.0 , 8.0
751.0 , 40.0 , 8.0
750.0 , 48.0 , 8.0
749.0 , 56.0 , 8.0
748.0 , 64.0 , 8.0
747.0 , 72.0 , 8.0
746.0 , 80.0 , 8.0
745.0 , 88.0 , 8.0
744.0 , 96.0 , 8.0
743.0 , 104.0 , 8.0
742.0 , 112.0 , 8.0
741.0 , 120.0 , 8.0
740.0 , 128.0 , 8.0
739.0 , 136.0 , 8.0
738.0 , 144.0 , 8.0
737.0 , 152.0 , 8.0
736.0 , 160.0 , 8.0
735.0 , 168.0 , 8.0
734.0 , -168.0 , 16.0
733.0 , -160.0 , 16.0
732.0 , -152.0 , 16.0
731.0 , -144.0 , 16.0
730.0 , -136.0 , 16.0
729.0 , -72.0 , 16.0
728.0 , -64.0 , 16.0
727.0 , -56.0 , 16.0
726.0 , -48.0 , 16.0
725.0 , -40.0 , 16.0
724.0 , -32.0 , 16.0
723.0 , -24.0 , 16.0
722.0 , -16.0 , 16.0
105.0 , -8.0 , 16.0
721.0 , 0.0 , 16.0
720.0 , 8.0 , 16.0
719.0 , 16.0 , 16.0
718.0 , 24.0 , 16.0
717.0 , 32.0 , 16.0
716.0 , 40.0 , 16.0
715.0 , 48.0 , 16.0
714.0 , 56.0 , 16.0
713.0 , 64.0 , 16.0
712.0 , 72.0 , 16.0
711.0 , 80.0 , 16.0
710.0 , 88.0 , 16.0
709.0 , 96.0 , 16.0
708.0 , 104.0 , 16.0
707.0 , 112.0 , 16.0
706.0 , 120.0 , 16.0
705.0 , 128.0 , 16.0
704.0 , 136.0 , 16.0
703.0 , 144.0 , 16.0
702.0 , 152.0 , 16.0
701.0 , 160.0 , 16.0
700.0 , 168.0 , 16.0
699.0 , -168.0 , 24.0
698.0 , -160.0 , 24.0
697.0 , -152.0 , 24.0
696.0 , -144.0 , 24.0
695.0 , -136.0 , 24.0
694.0 , -72.0 , 24.0
693.0 , -64.0 , 24.0
692.0 , -56.0 , 24.0
691.0 , -48.0 , 24.0
690.0 , -40.0 , 24.0
689.0 , -32.0 , 24.0
688.0 , -24.0 , 24.0
687.0 , -16.0 , 24.0
104.0 , -8.0 , 24.0
686.0 , 0.0 , 24.0
685.0 , 8.0 , 24.0
684.0 , 16.0 , 24.0
683.0 , 24.0 , 24.0
682.0 , 32.0 , 24.0
681.0 , 40.0 , 24.0
680.0 , 48.0 , 24.0
679.0 , 56.0 , 24.0
678.0 , 64.0 , 24.0
677.0 , 72.0 , 24.0
676.0 , 80.0 , 24.0
675.0 , 88.0 , 24.0
674.0 , 96.0 , 24.0
673.0 , 104.0 , 24.0
672.0 , 112.0 , 24.0
671.0 , 120.0 , 24.0
670.0 , 128.0 , 24.0
669.0 , 136.0 , 24.0
668.0 , 144.0 , 24.0
667.0 , 152.0 , 24.0
666.0 , 160.0 , 24.0
665.0 , 168.0 , 24.0
664.0 , -168.0 , 32.0
663.0 , -160.0 , 32.0
662.0 , -152.0 , 32.0
661.0 , -144.0 , 32.0
660.0 , -136.0 , 32.0
659.0 , -128.0 , 32.0
658.0 , -120.0 , 32.0
657.0 , -112.0 , 32.0
656.0 , -104.0 , 32.0
655.0 , -96.0 , 32.0
654.0 , -88.0 , 32.0
653.0 , -80.0 , 32.0
652.0 , -72.0 , 32.0
651.0 , -64.0 , 32.0
650.0 , -56.0 , 32.0
649.0 , -48.0 , 32.0
648.0 , -40.0 , 32.0
647.0 , -32.0 , 32.0
646.0 , -24.0 , 32.0
645.0 , -16.0 , 32.0
103.0 , -8.0 , 32.0
644.0 , 0.0 , 32.0
643.0 , 8.0 , 32.0
642.0 , 16.0 , 32.0
641.0 , 24.0 , 32.0
640.0 , 32.0 , 32.0
639.0 , 40.0 , 32.0
638.0 , 48.0 , 32.0
637.0 , 56.0 , 32.0
636.0 , 64.0 , 32.0
635.0 , 72.0 , 32.0
634.0 , 80.0 , 32.0
633.0 , 88.0 , 32.0
632.0 , 96.0 , 32.0
631.0 , 104.0 , 32.0
630.0 , 112.0 , 32.0
629.0 , 120.0 , 32.0
628.0 , 128.0 , 32.0
627.0 , 136.0 , 32.0
626.0 , 144.0 , 32.0
625.0 , 152.0 , 32.0
624.0 , 160.0 , 32.0
623.0 , 168.0 , 32.0
622.0 , -168.0 , 40.0
621.0 , -160.0 , 40.0
620.0 , -152.0 , 40.0
619.0 , -144.0 , 40.0
618.0 , -136.0 , 40.0
617.0 , -128.0 , 40.0
616.0 , -120.0 , 40.0
615.0 , -112.0 , 40.0
614.0 , -104.0 , 40.0
613.0 , -96.0 , 40.0
612.0 , -88.0 , 40.0
611.0 , -80.0 , 40.0
610.0 , -72.0 , 40.0
609.0 , -64.0 , 40.0
608.0 , -56.0 , 40.0
607.0 , -48.0 , 40.0
606.0 , -40.0 , 40.0
605.0 , -32.0 , 40.0
604.0 , -24.0 , 40.0
603.0 , -16.0 , 40.0
102.0 , -8.0 , 40.0
602.0 , 0.0 , 40.0
601.0 , 8.0 , 40.0
600.0 , 16.0 , 40.0
599.0 , 24.0 , 40.0
598.0 , 32.0 , 40.0
597.0 , 40.0 , 40.0
596.0 , 48.0 , 40.0
595.0 , 56.0 , 40.0
594.0 , 64.0 , 40.0
593.0 , 72.0 , 40.0
592.0 , 80.0 , 40.0
591.0 , 88.0 , 40.0
590.0 , 96.0 , 40.0
589.0 , 104.0 , 40.0
588.0 , 112.0 , 40.0
587.0 , 120.0 , 40.0
586.0 , 128.0 , 40.0
585.0 , 136.0 , 40.0
584.0 , 144.0 , 40.0
583.0 , 152.0 , 40.0
582.0 , 160.0 , 40.0
581.0 , 168.0 , 40.0
85.0 , -168.0 , 48.0
84.0 , -160.0 , 48.0
83.0 , -152.0 , 48.0
82.0 , -144.0 , 48.0
81.0 , -136.0 , 48.0
80.0 , -128.0 , 48.0
79.0 , -120.0 , 48.0
78.0 , -112.0 , 48.0
77.0 , -104.0 , 48.0
76.0 , -96.0 , 48.0
75.0 , -88.0 , 48.0
74.0 , -80.0 , 48.0
73.0 , -72.0 , 48.0
72.0 , -64.0 , 48.0
71.0 , -56.0 , 48.0
70.0 , -48.0 , 48.0
69.0 , -40.0 , 48.0
68.0 , -32.0 , 48.0
67.0 , -24.0 , 48.0
66.0 , -16.0 , 48.0
65.0 , -8.0 , 48.0
101.0 , -8.0 , 48.0
64.0 , 0.0 , 48.0
63.0 , 8.0 , 48.0
62.0 , 16.0 , 48.0
61.0 , 24.0 , 48.0
60.0 , 32.0 , 48.0
59.0 , 40.0 , 48.0
58.0 , 48.0 , 48.0
57.0 , 56.0 , 48.0
56.0 , 64.0 , 48.0
55.0 , 72.0 , 48.0
54.0 , 80.0 , 48.0
53.0 , 88.0 , 48.0
52.0 , 96.0 , 48.0
51.0 , 104.0 , 48.0
50.0 , 112.0 , 48.0
49.0 , 120.0 , 48.0
48.0 , 128.0 , 48.0
47.0 , 136.0 , 48.0
46.0 , 144.0 , 48.0
45.0 , 152.0 , 48.0
44.0 , 160.0 , 48.0
43.0 , 168.0 , 48.0
580.0 , -168.0 , 56.0
579.0 , -160.0 , 56.0
578.0 , -152.0 , 56.0
577.0 , -144.0 , 56.0
576.0 , -136.0 , 56.0
575.0 , -128.0 , 56.0
574.0 , -120.0 , 56.0
573.0 , -112.0 , 56.0
572.0 , -104.0 , 56.0
571.0 , -96.0 , 56.0
570.0 , -88.0 , 56.0
569.0 , -80.0 , 56.0
568.0 , -72.0 , 56.0
567.0 , -64.0 , 56.0
566.0 , -56.0 , 56.0
565.0 , -48.0 , 56.0
564.0 , -40.0 , 56.0
563.0 , -32.0 , 56.0
562.0 , -24.0 , 56.0
561.0 , -16.0 , 56.0
100.0 , -8.0 , 56.0
560.0 , 0.0 , 56.0
559.0 , 8.0 , 56.0
558.0 , 16.0 , 56.0
557.0 , 24.0 , 56.0
556.0 , 32.0 , 56.0
555.0 , 40.0 , 56.0
554.0 , 48.0 , 56.0
553.0 , 56.0 , 56.0
552.0 , 64.0 , 56.0
551.0 , 72.0 , 56.0
550.0 , 80.0 , 56.0
549.0 , 88.0 , 56.0
548.0 , 96.0 , 56.0
547.0 , 104.0 , 56.0
546.0 , 112.0 , 56.0
545.0 , 120.0 , 56.0
544.0 , 128.0 , 56.0
543.0 , 136.0 , 56.0
542.0 , 144.0 , 56.0
541.0 , 152.0 , 56.0
540.0 , 160.0 , 56.0
539.0 , 168.0 , 56.0
538.0 , -168.0 , 64.0
537.0 , -160.0 , 64.0
536.0 , -152.0 , 64.0
535.0 , -144.0 , 64.0
534.0 , -136.0 , 64.0
533.0 , -128.0 , 64.0
532.0 , -120.0 , 64.0
531.0 , -112.0 , 64.0
530.0 , -104.0 , 64.0
529.0 , -96.0 , 64.0
528.0 , -88.0 , 64.0
527.0 , -80.0 , 64.0
526.0 , -72.0 , 64.0
525.0 , -64.0 , 64.0
524.0 , -56.0 , 64.0
523.0 , -48.0 , 64.0
522.0 , -40.0 , 64.0
521.0 , -32.0 , 64.0
520.0 , -24.0 , 64.0
519.0 , -16.0 , 64.0
99.0 , -8.0 , 64.0
518.0 , 0.0 , 64.0
517.0 , 8.0 , 64.0
516.0 , 16.0 , 64.0
515.0 , 24.0 , 64.0
514.0 , 32.0 , 64.0
513.0 , 40.0 , 64.0
512.0 , 104.0 , 64.0
511.0 , 112.0 , 64.0
510.0 , 120.0 , 64.0
509.0 , 128.0 , 64.0
508.0 , 136.0 , 64.0
507.0 , 144.0 , 64.0
506.0 , 152.0 , 64.0
505.0 , 160.0 , 64.0
504.0 , 168.0 , 64.0
503.0 , -168.0 , 72.0
502.0 , -160.0 , 72.0
501.0 , -152.0 , 72.0
500.0 , -144.0 , 72.0
499.0 , -136.0 , 72.0
498.0 , -128.0 , 72.0
497.0 , -120.0 , 72.0
496.0 , -112.0 , 72.0
495.0 , -104.0 , 72.0
494.0 , -96.0 , 72.0
493.0 , -88.0 , 72.0
492.0 , -80.0 , 72.0
491.0 , -72.0 , 72.0
490.0 , -64.0 , 72.0
489.0 , -56.0 , 72.0
488.0 , -48.0 , 72.0
487.0 , -40.0 , 72.0
486.0 , -32.0 , 72.0
485.0 , -24.0 , 72.0
484.0 , -16.0 , 72.0
98.0 , -8.0 , 72.0
483.0 , 0.0 , 72.0
482.0 , 8.0 , 72.0
481.0 , 16.0 , 72.0
480.0 , 24.0 , 72.0
479.0 , 32.0 , 72.0
478.0 , 40.0 , 72.0
477.0 , 104.0 , 72.0
476.0 , 112.0 , 72.0
475.0 , 120.0 , 72.0
474.0 , 128.0 , 72.0
473.0 , 136.0 , 72.0
472.0 , 144.0 , 72.0
471.0 , 152.0 , 72.0
470.0 , 160.0 , 72.0
469.0 , 168.0 , 72.0
468.0 , -168.0 , 80.0
467.0 , -160.0 , 80.0
466.0 , -152.0 , 80.0
465.0 , -144.0 , 80.0
464.0 , -136.0 , 80.0
463.0 , -128.0 , 80.0
462.0 , -120.0 , 80.0
461.0 , -112.0 , 80.0
460.0 , -104.0 , 80.0
459.0 , -96.0 , 80.0
458.0 , -88.0 , 80.0
457.0 , -80.0 , 80.0
456.0 , -72.0 , 80.0
455.0 , -64.0 , 80.0
454.0 , -56.0 , 80.0
453.0 , -48.0 , 80.0
452.0 , -40.0 , 80.0
451.0 , -32.0 , 80.0
450.0 , -24.0 , 80.0
449.0 , -16.0 , 80.0
97.0 , -8.0 , 80.0
448.0 , 0.0 , 80.0
447.0 , 8.0 , 80.0
446.0 , 16.0 , 80.0
445.0 , 24.0 , 80.0
444.0 , 32.0 , 80.0
443.0 , 40.0 , 80.0
442.0 , 104.0 , 80.0
441.0 , 112.0 , 80.0
440.0 , 120.0 , 80.0
439.0 , 128.0 , 80.0
438.0 , 136.0 , 80.0
437.0 , 144.0 , 80.0
436.0 , 152.0 , 80.0
435.0 , 160.0 , 80.0
434.0 , 168.0 , 80.0
433.0 , -168.0 , 88.0
432.0 , -160.0 , 88.0
431.0 , -152.0 , 88.0
430.0 , -144.0 , 88.0
429.0 , -136.0 , 88.0
428.0 , -128.0 , 88.0
427.0 , -120.0 , 88.0
426.0 , -112.0 , 88.0
425.0 , -104.0 , 88.0
424.0 , -96.0 , 88.0
423.0 , -88.0 , 88.0
422.0 , -80.0 , 88.0
421.0 , -72.0 , 88.0
420.0 , -64.0 , 88.0
419.0 , -56.0 , 88.0
418.0 , -48.0 , 88.0
417.0 , -40.0 , 88.0
416.0 , -32.0 , 88.0
415.0 , -24.0 , 88.0
414.0 , -16.0 , 88.0
96.0 , -8.0 , 88.0
413.0 , 0.0 , 88.0
412.0 , 8.0 , 88.0
411.0 , 16.0 , 88.0
410.0 , 24.0 , 88.0
409.0 , 32.0 , 88.0
408.0 , 40.0 , 88.0
407.0 , 104.0 , 88.0
406.0 , 112.0 , 88.0
405.0 , 120.0 , 88.0
404.0 , 128.0 , 88.0
403.0 , 136.0 , 88.0
402.0 , 144.0 , 88.0
401.0 , 152.0 , 88.0
400.0 , 160.0 , 88.0
399.0 , 168.0 , 88.0
398.0 , -168.0 , 96.0
397.0 , -160.0 , 96.0
396.0 , -152.0 , 96.0
395.0 , -144.0 , 96.0
394.0 , -136.0 , 96.0
393.0 , -128.0 , 96.0
392.0 , -120.0 , 96.0
391.0 , -112.0 , 96.0
390.0 , -104.0 , 96.0
389.0 , -96.0 , 96.0
388.0 , -88.0 , 96.0
387.0 , -80.0 , 96.0
386.0 , -72.0 , 96.0
385.0 , -64.0 , 96.0
384.0 , -56.0 , 96.0
383.0 , -48.0 , 96.0
382.0 , -40.0 , 96.0
381.0 , -32.0 , 96.0
380.0 , -24.0 , 96.0
379.0 , -16.0 , 96.0
95.0 , -8.0 , 96.0
378.0 , 0.0 , 96.0
377.0 , 8.0 , 96.0
376.0 , 16.0 , 96.0
375.0 , 24.0 , 96.0
374.0 , 32.0 , 96.0
373.0 , 40.0 , 96.0
372.0 , 104.0 , 96.0
371.0 , 112.0 , 96.0
370.0 , 120.0 , 96.0
369.0 , 128.0 , 96.0
368.0 , 136.0 , 96.0
367.0 , 144.0 , 96.0
366.0 , 152.0 , 96.0
365.0 , 160.0 , 96.0
364.0 , 168.0 , 96.0
363.0 , -168.0 , 104.0
362.0 , -160.0 , 104.0
361.0 , -152.0 , 104.0
360.0 , -144.0 , 104.0
359.0 , -136.0 , 104.0
358.0 , -128.0 , 104.0
357.0 , -120.0 , 104.0
356.0 , -112.0 , 104.0
355.0 , -104.0 , 104.0
354.0 , -96.0 , 104.0
353.0 , -88.0 , 104.0
352.0 , -80.0 , 104.0
351.0 , -72.0 , 104.0
350.0 , -64.0 , 104.0
349.0 , -56.0 , 104.0
348.0 , -48.0 , 104.0
347.0 , -40.0 , 104.0
346.0 , -32.0 , 104.0
345.0 , -24.0 , 104.0
344.0 , -16.0 , 104.0
94.0 , -8.0 , 104.0
343.0 , 0.0 , 104.0
342.0 , 8.0 , 104.0
341.0 , 16.0 , 104.0
340.0 , 24.0 , 104.0
339.0 , 32.0 , 104.0
338.0 , 40.0 , 104.0
337.0 , 104.0 , 104.0
336.0 , 112.0 , 104.0
335.0 , 120.0 , 104.0
334.0 , 128.0 , 104.0
333.0 , 136.0 , 104.0
332.0 , 144.0 , 104.0
331.0 , 152.0 , 104.0
330.0 , 160.0 , 104.0
329.0 , 168.0 , 104.0
328.0 , -168.0 , 112.0
327.0 , -160.0 , 112.0
326.0 , -152.0 , 112.0
325.0 , -144.0 , 112.0
324.0 , -136.0 , 112.0
323.0 , -128.0 , 112.0
322.0 , -120.0 , 112.0
321.0 , -112.0 , 112.0
320.0 , -104.0 , 112.0
319.0 , -96.0 , 112.0
318.0 , -88.0 , 112.0
317.0 , -80.0 , 112.0
316.0 , -72.0 , 112.0
315.0 , -64.0 , 112.0
314.0 , -56.0 , 112.0
313.0 , -48.0 , 112.0
312.0 , -40.0 , 112.0
311.0 , -32.0 , 112.0
310.0 , -24.0 , 112.0
309.0 , -16.0 , 112.0
93.0 , -8.0 , 112.0
308.0 , 0.0 , 112.0
307.0 , 8.0 , 112.0
306.0 , 16.0 , 112.0
305.0 , 24.0 , 112.0
304.0 , 32.0 , 112.0
303.0 , 40.0 , 112.0
302.0 , 104.0 , 112.0
301.0 , 112.0 , 112.0
300.0 , 120.0 , 112.0
299.0 , 128.0 , 112.0
298.0 , 136.0 , 112.0
297.0 , 144.0 , 112.0
296.0 , 152.0 , 112.0
295.0 , 160.0 , 112.0
294.0 , 168.0 , 112.0
293.0 , -168.0 , 120.0
292.0 , -160.0 , 120.0
291.0 , -152.0 , 120.0
290.0 , -144.0 , 120.0
289.0 , -136.0 , 120.0
288.0 , -128.0 , 120.0
287.0 , -120.0 , 120.0
286.0 , -112.0 , 120.0
285.0 , -104.0 , 120.0
284.0 , -96.0 , 120.0
283.0 , -88.0 , 120.0
282.0 , -80.0 , 120.0
281.0 , -72.0 , 120.0
280.0 , -64.0 , 120.0
279.0 , -56.0 , 120.0
278.0 , -48.0 , 120.0
277.0 , -40.0 , 120.0
276.0 , -32.0 , 120.0
275.0 , -24.0 , 120.0
274.0 , -16.0 , 120.0
92.0 , -8.0 , 120.0
273.0 , 0.0 , 120.0
272.0 , 8.0 , 120.0
271.0 , 16.0 , 120.0
270.0 , 24.0 , 120.0
269.0 , 32.0 , 120.0
268.0 , 40.0 , 120.0
267.0 , 48.0 , 120.0
266.0 , 56.0 , 120.0
265.0 , 64.0 , 120.0
264.0 , 72.0 , 120.0
263.0 , 80.0 , 120.0
262.0 , 88.0 , 120.0
261.0 , 96.0 , 120.0
260.0 , 104.0 , 120.0
259.0 , 112.0 , 120.0
258.0 , 120.0 , 120.0
257.0 , 128.0 , 120.0
256.0 , 136.0 , 120.0
255.0 , 144.0 , 120.0
254.0 , 152.0 , 120.0
253.0 , 160.0 , 120.0
252.0 , 168.0 , 120.0
251.0 , -168.0 , 128.0
250.0 , -160.0 , 128.0
249.0 , -152.0 , 128.0
248.0 , -144.0 , 128.0
247.0 , -136.0 , 128.0
246.0 , -128.0 , 128.0
245.0 , -120.0 , 128.0
244.0 , -112.0 , 128.0
243.0 , -104.0 , 128.0
242.0 , -96.0 , 128.0
241.0 , -88.0 , 128.0
240.0 , -80.0 , 128.0
239.0 , -72.0 , 128.0
238.0 , -64.0 , 128.0
237.0 , -56.0 , 128.0
236.0 , -48.0 , 128.0
235.0 , -40.0 , 128.0
234.0 , -32.0 , 128.0
233.0 , -24.0 , 128.0
232.0 , -16.0 , 128.0
91.0 , -8.0 , 128.0
231.0 , 0.0 , 128.0
230.0 , 8.0 , 128.0
229.0 , 16.0 , 128.0
228.0 , 24.0 , 128.0
227.0 , 32.0 , 128.0
226.0 , 40.0 , 128.0
225.0 , 48.0 , 128.0
224.0 , 56.0 , 128.0
223.0 , 64.0 , 128.0
222.0 , 72.0 , 128.0
221.0 , 80.0 , 128.0
220.0 , 88.0 , 128.0
219.0 , 96.0 , 128.0
218.0 , 104.0 , 128.0
217.0 , 112.0 , 128.0
216.0 , 120.0 , 128.0
215.0 , 128.0 , 128.0
214.0 , 136.0 , 128.0
213.0 , 144.0 , 128.0
212.0 , 152.0 , 128.0
211.0 , 160.0 , 128.0
210.0 , 168.0 , 128.0
209.0 , -168.0 , 136.0
208.0 , -160.0 , 136.0
207.0 , -152.0 , 136.0
206.0 , -144.0 , 136.0
205.0 , -136.0 , 136.0
204.0 , -128.0 , 136.0
203.0 , -120.0 , 136.0
202.0 , -112.0 , 136.0
201.0 , -104.0 , 136.0
200.0 , -96.0 , 136.0
199.0 , -88.0 , 136.0
198.0 , -80.0 , 136.0
197.0 , -72.0 , 136.0
196.0 , -64.0 , 136.0
195.0 , -56.0 , 136.0
194.0 , -48.0 , 136.0
193.0 , -40.0 , 136.0
192.0 , -32.0 , 136.0
191.0 , -24.0 , 136.0
190.0 , -16.0 , 136.0
90.0 , -8.0 , 136.0
189.0 , 0.0 , 136.0
188.0 , 8.0 , 136.0
187.0 , 16.0 , 136.0
186.0 , 24.0 , 136.0
185.0 , 32.0 , 136.0
184.0 , 40.0 , 136.0
183.0 , 48.0 , 136.0
182.0 , 56.0 , 136.0
181.0 , 64.0 , 136.0
180.0 , 72.0 , 136.0
179.0 , 80.0 , 136.0
178.0 , 88.0 , 136.0
177.0 , 96.0 , 136.0
176.0 , 104.0 , 136.0
175.0 , 112.0 , 136.0
174.0 , 120.0 , 136.0
173.0 , 128.0 , 136.0
172.0 , 136.0 , 136.0
171.0 , 144.0 , 136.0
170.0 , 152.0 , 136.0
169.0 , 160.0 , 136.0
168.0 , 168.0 , 136.0
167.0 , -168.0 , 144.0
166.0 , -160.0 , 144.0
165.0 , -152.0 , 144.0
164.0 , -144.0 , 144.0
163.0 , -136.0 , 144.0
162.0 , -128.0 , 144.0
161.0 , -120.0 , 144.0
160.0 , -112.0 , 144.0
159.0 , -104.0 , 144.0
158.0 , -96.0 , 144.0
157.0 , -88.0 , 144.0
156.0 , -80.0 , 144.0
155.0 , -72.0 , 144.0
154.0 , -64.0 , 144.0
153.0 , -56.0 , 144.0
152.0 , -48.0 , 144.0
151.0 , -40.0 , 144.0
150.0 , -32.0 , 144.0
149.0 , -24.0 , 144.0
148.0 , -16.0 , 144.0
89.0 , -8.0 , 144.0
147.0 , 0.0 , 144.0
146.0 , 8.0 , 144.0
145.0 , 16.0 , 144.0
144.0 , 24.0 , 144.0
143.0 , 32.0 , 144.0
142.0 , 40.0 , 144.0
141.0 , 48.0 , 144.0
140.0 , 56.0 , 144.0
139.0 , 64.0 , 144.0
138.0 , 72.0 , 144.0
137.0 , 80.0 , 144.0
136.0 , 88.0 , 144.0
135.0 , 96.0 , 144.0
134.0 , 104.0 , 144.0
133.0 , 112.0 , 144.0
132.0 , 120.0 , 144.0
131.0 , 128.0 , 144.0
130.0 , 136.0 , 144.0
129.0 , 144.0 , 144.0
128.0 , 152.0 , 144.0
127.0 , 160.0 , 144.0
126.0 , 168.0 , 144.0
125.0 , -168.0 , 152.0
124.0 , -160.0 , 152.0
123.0 , -152.0 , 152.0
122.0 , -144.0 , 152.0
121.0 , -136.0 , 152.0
120.0 , -128.0 , 152.0
119.0 , -120.0 , 152.0
118.0 , -112.0 , 152.0
117.0 , -104.0 , 152.0
116.0 , -96.0 , 152.0
115.0 , -88.0 , 152.0
114.0 , -80.0 , 152.0
113.0 , -72.0 , 152.0
112.0 , -64.0 , 152.0
111.0 , -56.0 , 152.0
110.0 , -48.0 , 152.0
109.0 , -40.0 , 152.0
108.0 , -32.0 , 152.0
107.0 , -24.0 , 152.0
106.0 , -16.0 , 152.0
88.0 , -8.0 , 152.0
105.0 , 0.0 , 152.0
104.0 , 8.0 , 152.0
103.0 , 16.0 , 152.0
102.0 , 24.0 , 152.0
101.0 , 32.0 , 152.0
100.0 , 40.0 , 152.0
99.0 , 48.0 , 152.0
98.0 , 56.0 , 152.0
97.0 , 64.0 , 152.0
96.0 , 72.0 , 152.0
95.0 , 80.0 , 152.0
94.0 , 88.0 , 152.0
93.0 , 96.0 , 152.0
92.0 , 104.0 , 152.0
91.0 , 112.0 , 152.0
90.0 , 120.0 , 152.0
89.0 , 128.0 , 152.0
88.0 , 136.0 , 152.0
87.0 , 144.0 , 152.0
86.0 , 152.0 , 152.0
85.0 , 160.0 , 152.0
84.0 , 168.0 , 152.0
83.0 , -168.0 , 160.0
82.0 , -160.0 , 160.0
81.0 , -152.0 , 160.0
80.0 , -144.0 , 160.0
79.0 , -136.0 , 160.0
78.0 , -128.0 , 160.0
77.0 , -120.0 , 160.0
76.0 , -112.0 , 160.0
75.0 , -104.0 , 160.0
74.0 , -96.0 , 160.0
73.0 , -88.0 , 160.0
72.0 , -80.0 , 160.0
71.0 , -72.0 , 160.0
70.0 , -64.0 , 160.0
69.0 , -56.0 , 160.0
68.0 , -48.0 , 160.0
67.0 , -40.0 , 160.0
66.0 , -32.0 , 160.0
65.0 , -24.0 , 160.0
64.0 , -16.0 , 160.0
87.0 , -8.0 , 160.0
63.0 , 0.0 , 160.0
62.0 , 8.0 , 160.0
61.0 , 16.0 , 160.0
60.0 , 24.0 , 160.0
59.0 , 32.0 , 160.0
58.0 , 40.0 , 160.0
57.0 , 48.0 , 160.0
56.0 , 56.0 , 160.0
55.0 , 64.0 , 160.0
54.0 , 72.0 , 160.0
53.0 , 80.0 , 160.0
52.0 , 88.0 , 160.0
51.0 , 96.0 , 160.0
50.0 , 104.0 , 160.0
49.0 , 112.0 , 160.0
48.0 , 120.0 , 160.0
47.0 , 128.0 , 160.0
46.0 , 136.0 , 160.0
45.0 , 144.0 , 160.0
44.0 , 152.0 , 160.0
43.0 , 160.0 , 160.0
42.0 , 168.0 , 160.0
41.0 , -168.0 , 168.0
40.0 , -160.0 , 168.0
39.0 , -152.0 , 168.0
38.0 , -144.0 , 168.0
37.0 , -136.0 , 168.0
36.0 , -128.0 , 168.0
35.0 , -120.0 , 168.0
34.0 , -112.0 , 168.0
33.0 , -104.0 , 168.0
32.0 , -96.0 , 168.0
31.0 , -88.0 , 168.0
30.0 , -80.0 , 168.0
29.0 , -72.0 , 168.0
28.0 , -64.0 , 168.0
27.0 , -56.0 , 168.0
26.0 , -48.0 , 168.0
25.0 , -40.0 , 168.0
24.0 , -32.0 , 168.0
23.0 , -24.0 , 168.0
22.0 , -16.0 , 168.0
86.0 , -8.0 , 168.0
21.0 , 0.0 , 168.0
20.0 , 8.0 , 168.0
19.0 , 16.0 , 168.0
18.0 , 24.0 , 168.0
17.0 , 32.0 , 168.0
16.0 , 40.0 , 168.0
15.0 , 48.0 , 168.0
14.0 , 56.0 , 168.0
13.0 , 64.0 , 168.0
12.0 , 72.0 , 168.0
11.0 , 80.0 , 168.0
10.0 , 88.0 , 168.0
9.0 , 96.0 , 168.0
8.0 , 104.0 , 168.0
7.0 , 112.0 , 168.0
6.0 , 120.0 , 168.0
5.0 , 128.0 , 168.0
4.0 , 136.0 , 168.0
3.0 , 144.0 , 168.0
2.0 , 152.0 , 168.0
1.0 , 160.0 , 168.0
0.0 , 168.0 , 168.0
